

L1:  LM=3
20;91;DEBUG_Start;Pulses=50;Pulses(uSec)=2100,330,1050,1050,360,330,1050,1020,360,330,1080,330,1080,300,1050,1020,360,330,1050,330,1050,330,1050,1020,360,330,1050,1020,360,330,1050,1020,360,330,1080,1020,360,330,1050,1020,360,330,1080,1020,360,1020,360,1020,360,300,4410;
H5020;92;PT2262;ID=51155;SWITCH=01;CMD=ON;

20;93;DEBUG_Start;Pulses=50;Pulses(uSec)=2100,360,1020,1080,330,360,1020,1050,330,360,1020,360,1020,360,1050,1050,330,360,1020,360,1020,360,1020,1050,360,300,1050,1020,360,300,1080,1020,360,300,1080,1020,360,300,1080,1020,360,300,1080,1020,360,1020,360,1020,360,300,4410;
H5020;94;PT2262;ID=51155;SWITCH=01;CMD=ON;

20;95;DEBUG_Start;Pulses=50;Pulses(uSec)=2100,360,1020,1080,300,360,1020,1050,330,360,1020,360,1020,360,1020,1050,330,360,1020,360,1020,360,1020,1050,360,300,1080,1020,360,300,1080,1020,360,300,1080,1020,360,300,1080,1020,390,300,1080,1020,360,1020,360,1020,360,300,4410;
H5020;96;PT2262;ID=51155;SWITCH=01;CMD=ON;

20;97;DEBUG_Start;Pulses=50;Pulses(uSec)=2100,360,1020,1080,330,360,1020,1050,330,360,1020,360,1020,360,1020,1050,330,360,1020,360,1050,360,1050,1020,360,300,1080,1020,360,300,1080,1020,390,300,1080,1020,360,300,1080,1020,360,300,1080,1020,360,1020,360,1020,390,300,4410;
H5020;98;PT2262;ID=51155;SWITCH=01;CMD=ON;

20;99;DEBUG_Start;Pulses=50;Pulses(uSec)=2100,330,1050,1050,360,330,1050,1050,330,330,1050,330,1050,330,1050,1050,330,330,1050,330,1050,330,1050,1050,330,330,1050,1050,360,300,1050,1050,360,330,1050,1020,360,330,1050,1020,360,330,1050,1020,360,1020,360,1020,360,300,4410;
H5020;9A;PT2262;ID=51155;SWITCH=01;CMD=ON;

20;9B;DEBUG_Start;Pulses=50;Pulses(uSec)=2070,390,990,1080,300,360,1020,1050,330,360,1020,360,1020,360,1020,1050,330,360,1020,360,1020,360,1020,1050,360,300,1080,1020,360,300,1080,1020,360,300,1080,1020,360,300,1080,1020,360,300,1080,1020,360,1020,360,990,360,300,4410;
H5020;9C;PT2262;ID=51155;SWITCH=01;CMD=ON;

20;9D;DEBUG_Start;Pulses=50;Pulses(uSec)=2100,390,990,1080,300,360,1020,1050,330,360,1020,360,1020,360,1020,1050,330,360,1020,360,1050,360,1020,1050,360,300,1080,1020,360,330,1080,1020,360,300,1080,1020,360,300,1080,1020,360,300,1080,1020,360,1020,390,990,360,300,4410;
H5020;9E;PT2262;ID=51155;SWITCH=01;CMD=ON;

Samengevat:
2100,330,1050,1050,360,330,1050,1020,360,330,1080,330,1080,300,1050,1020,360,330,1050,330,1050,330,1050,1020,360,330,1050,1020,360,330,1050,1020,360,330,1080,1020,360,330,1050,1020,360,330,1080,1020,360,1020,360,1020,360,300,4410;
2100,360,1020,1080,330,360,1020,1050,330,360,1020,360,1020,360,1050,1050,330,360,1020,360,1020,360,1020,1050,360,300,1050,1020,360,300,1080,1020,360,300,1080,1020,360,300,1080,1020,360,300,1080,1020,360,1020,360,1020,360,300,4410;
2100,360,1020,1080,300,360,1020,1050,330,360,1020,360,1020,360,1020,1050,330,360,1020,360,1020,360,1020,1050,360,300,1080,1020,360,300,1080,1020,360,300,1080,1020,360,300,1080,1020,390,300,1080,1020,360,1020,360,1020,360,300,4410;
2100,360,1020,1080,330,360,1020,1050,330,360,1020,360,1020,360,1020,1050,330,360,1020,360,1050,360,1050,1020,360,300,1080,1020,360,300,1080,1020,390,300,1080,1020,360,300,1080,1020,360,300,1080,1020,360,1020,360,1020,390,300,4410;
2100,330,1050,1050,360,330,1050,1050,330,330,1050,330,1050,330,1050,1050,330,330,1050,330,1050,330,1050,1050,330,330,1050,1050,360,300,1050,1050,360,330,1050,1020,360,330,1050,1020,360,330,1050,1020,360,1020,360,1020,360,300,4410;
2070,390,990,1080,300,360,1020,1050,330,360,1020,360,1020,360,1020,1050,330,360,1020,360,1020,360,1020,1050,360,300,1080,1020,360,300,1080,1020,360,300,1080,1020,360,300,1080,1020,360,300,1080,1020,360,1020,360,990,360,300,4410;
2100,390,990,1080,300,360,1020,1050,330,360,1020,360,1020,360,1020,1050,330,360,1020,360,1050,360,1020,1050,360,300,1080,1020,360,330,1080,1020,360,300,1080,1020,360,300,1080,1020,360,300,1080,1020,360,1020,390,990,360,300,4410;
en dat ziet er erg goed uit !!


datzelfde in LM=4
>-+~-+~-+~-+~-+~-+~-+~-+~-+~-+~-+~-+~-+~-+~-+~-+~-+~-+~-+~-+~-+~+~
20;DC;DEBUG_Start;Pulses=50;Pulses(uSec)=Min=300   Max=1050   Mean=690   0101  0001  0001  0101  0101  0111  
20;DE;DEBUG_Start;Pulses=50;Pulses(uSec)=Min=270   Max=1110   Mean=690   0101  0001  0001  0101  0101  0111  
20;E0;DEBUG_Start;Pulses=50;Pulses(uSec)=Min=300   Max=1080   Mean=690   0101  0001  0001  0101  0101  0111  
20;E2;DEBUG_Start;Pulses=50;Pulses(uSec)=Min=300   Max=1080   Mean=690   0101  0001  0001  0101  0101  0111  
20;E4;DEBUG_Start;Pulses=50;Pulses(uSec)=Min=300   Max=1080   Mean=690   0101  0001  0001  0101  0101  0111  
20;E6;DEBUG_Start;Pulses=50;Pulses(uSec)=Min=300   Max=1080   Mean=690   0101  0001  0001  0101  0101  0111  
20;E8;DEBUG_Start;Pulses=50;Pulses(uSec)=Min=300   Max=1080   Mean=690   0101  0001  0001  0101  0101  0111  
20;EA;DEBUG_Start;Pulses=50;Pulses(uSec)=Min=300   Max=1080   Mean=690   0101  0001  0001  0101  0101  0111  
20;EC;DEBUG_Start;Pulses=50;Pulses(uSec)=Min=300   Max=1080   Mean=690   0101  0001  0001  0101  0101  0111  
20;EE;DEBUG_Start;Pulses=50;Pulses(uSec)=Min=300   Max=1080   Mean=690   0101  0001  0001  0101  0101  0111  
20;F0;DEBUG_Start;Pulses=50;Pulses(uSec)=Min=300   Max=1080   Mean=690   0101  0001  0001  0101  0101  0111  
20;F2;DEBUG_Start;Pulses=50;Pulses(uSec)=Min=300   Max=1080   Mean=690   0101  0001  0001  0101  0101  0111  
20;F4;DEBUG_Start;Pulses=50;Pulses(uSec)=Min=300   Max=1080   Mean=690   0101  0001  0001  0101  0101  0111  
20;F6;DEBUG_Start;Pulses=50;Pulses(uSec)=Min=300   Max=1080   Mean=690   0101  0001  0001  0101  0101  0111  

R3 in LM=4 (samengevat)
-+~-+~-+~<-+~-+~-+~-+~-+~-+~
20;13;DEBUG_Start;Pulses=50;Pulses(uSec)=Min=300   Max=1080   Mean=690   0101  0001  0101  0001  0101  0100  
20;15;DEBUG_Start;Pulses=50;Pulses(uSec)=Min=270   Max=1110   Mean=690   0101  0001  0101  0001  0101  0100  
20;17;DEBUG_Start;Pulses=50;Pulses(uSec)=Min=300   Max=1080   Mean=690   0101  0001  0101  0001  0101  0100  
20;19;DEBUG_Start;Pulses=50;Pulses(uSec)=Min=330   Max=1080   Mean=690   0101  0001  0101  0001  0101  0100  
20;1B;DEBUG_Start;Pulses=50;Pulses(uSec)=Min=300   Max=1080   Mean=690   0101  0001  0101  0001  0101  0100  
20;1D;DEBUG_Start;Pulses=50;Pulses(uSec)=Min=300   Max=1080   Mean=660   0101  0001  0101  0001  0101  0100  
20;1F;DEBUG_Start;Pulses=50;Pulses(uSec)=Min=300   Max=1080   Mean=690   0101  0001  0101  0001  0101  0100  
20;21;DEBUG_Start;Pulses=50;Pulses(uSec)=Min=300   Max=1080   Mean=690   0101  0001  0101  0001  0101  0100  
20;23;DEBUG_Start;Pulses=50;Pulses(uSec)=Min=300   Max=1080   Mean=690   0101  0001  0101  0001  0101  0100  

wat goed, waarom gaat dat niet in LM=0 ????

dat zelfde geldt eigenlijk ook voor dooropener
20;7A;DEBUG_Start;Pulses=50;Pulses(uSec)=Min=450   Max=1410   Mean=930   0101  0101  0101  0101  0101  0101  
20;7B;DEBUG_Start;Pulses=50;Pulses(uSec)=Min=450   Max=1410   Mean=930   0101  0101  0101  0101  0101  0101  
20;7C;DEBUG_Start;Pulses=50;Pulses(uSec)=Min=450   Max=1440   Mean=930   0101  0101  0101  0101  0101  0101  
20;7D;DEBUG_Start;Pulses=50;Pulses(uSec)=Min=420   Max=1440   Mean=930   0101  0101  0101  0101  0101  0101  
20;7E;DEBUG_Start;Pulses=50;Pulses(uSec)=Min=420   Max=1440   Mean=930   0101  0101  0101  0101  0101  0101  
20;7F;DEBUG_Start;Pulses=50;Pulses(uSec)=Min=420   Max=1440   Mean=930   0101  0101  0101  0101  0101  0101  
20;80;DEBUG_Start;Pulses=50;Pulses(uSec)=Min=420   Max=1440   Mean=930   0101  0101  0101  0101  0101  0101  
20;81;DEBUG_Start;Pulses=50;Pulses(uSec)=Min=420   Max=1440   Mean=930   0101  0101  0101  0101  0101  0101  
20;82;DEBUG_Start;Pulses=50;Pulses(uSec)=Min=420   Max=1440   Mean=930   0101  0101  0101  0101  0101  0101  
20;83;DEBUG_Start;Pulses=50;Pulses(uSec)=Min=420   Max=1440   Mean=930   0101  0101  0101  0101  0101  0101  
20;84;DEBUG_Start;Pulses=50;Pulses(uSec)=Min=420   Max=1440   Mean=930   0101  0101  0101  0101  0101  0101  
20;85;DEBUG_Start;Pulses=50;Pulses(uSec)=Min=420   Max=1440   Mean=900   0101  0101  0101  0101  0101  0101  
20;86;DEBUG_Start;Pulses=50;Pulses(uSec)=Min=420   Max=1500   Mean=930   0101  0101  0101  0101  0101  0101  





met extra start detectie:
20;91;DEBUG_Start;Pulses=29;Pulses(uSec)=2760,1050,1020,360,300,1080,1020,360,300,1080,1020,360,300,1080,1020,360,300,1080,1020,360,300,1080,1020,360,1020,390,990,390,300,4410;
20;92;DEBUG_Start;Pulses=43;Pulses(uSec)=390,330,360,1050,330,1050,360,1020,1050,330,330,1050,330,1050,330,1020,1020,360,300,1080,990,390,300,1080,990,390,300,1080,1020,360,300,1080,1020,360,300,1080,1020,390,990,360,1020,390,300,4410;
20;93;DEBUG_Start;Pulses=31;Pulses(uSec)=7260,1050,330,1020,1020,360,300,1080,1020,360,300,1080,1020,360,300,1080,990,390,300,1080,1020,390,300,1080,1020,390,990,360,1020,390,300,4410;
20;94;DEBUG_Start;Pulses=43;Pulses(uSec)=6270,330,330,1050,330,1020,360,1020,1050,330,360,1050,330,1050,330,1050,1020,360,300,1080,1020,360,300,1080,1020,390,300,1080,990,360,300,1080,990,360,300,1080,1020,390,990,390,990,390,300,4410;
20;95;DEBUG_Start;Pulses=31;Pulses(uSec)=5430,1050,330,1050,1020,360,330,1050,1020,360,330,1080,1020,360,330,1050,1020,360,300,1080,1020,360,300,1050,1020,360,1020,360,1020,360,300,4410;
20;96;DEBUG_Start;Pulses=41;Pulses(uSec)=5190,1050,360,1020,360,1020,1050,330,360,1020,360,1020,360,1050,1020,360,300,1080,1020,360,300,1080,1020,360,300,1080,1020,360,300,1080,990,360,300,1080,990,390,990,360,1020,390,300,4410;
20;97;DEBUG_Start;Pulses=33;Pulses(uSec)=2250,1020,360,1050,330,1020,1050,360,300,1080,1020,360,300,1080,1020,360,300,1080,1020,390,300,1080,1020,360,300,1080,1020,390,990,360,1020,360,300,4410;
20;98;DEBUG_Start;Pulses=41;Pulses(uSec)=3390,1020,360,1050,330,1020,1050,330,330,1050,330,1050,360,1020,1020,390,300,1080,1020,360,300,1080,1020,390,300,1080,990,360,300,1080,990,390,300,1080,1020,360,1020,390,990,390,300,4410;
20;99;DEBUG_Start;Pulses=33;Pulses(uSec)=450,1050,330,1080,300,1050,1020,360,330,1050,1020,360,330,1050,1020,360,300,1050,1020,360,300,1080,1020,360,330,1080,1020,360,1020,360,1020,360,300,4410;

3390,1020,360,1050,330,1020,1050,330,330,1050,330,1050,360,1020,1020,390,300,1080,1020,360,300,1080,1020,390,300,1080,990,360,300,1080,990,390,300,1080,1020,360,1020,390,990,390,300,4410;
2100,360,1020,1080,330,360,1020,1050,330,360,1050,360,1020,360,1050,1050,330,330,1050,330,1050,330,1050,1020,360,300,1080,1020,360,300,1080,990,390,300,1080,1020,390,300,1080,1020,390,300,1080,1020,390,990,390,990,390,300,4410;
2100,360,1020,1080,330,360,1020,1050,330,330,1020,360,1050,360,1020,1050,330,330,1050,360,1050,330,1020,1020,360,300,1080,1020,360,300,1080,1020,390,300,1080,1020,360,300,1080,1020,360,300,1080,1020,390,990,360,1020,390,300,4410;

gewoon
20;53;DEBUG_Start;Pulses=50;Pulses(uSec)=2130,360,1020,1050,330,330,1050,1050,330,330,1050,330,1050,360,1020,1050,330,360,1020,360,1050,360,1050,1020,390,300,1080,990,390,300,1080,990,390,300,1080,990,390,270,1080,990,390,300,1080,990,390,990,390,990,390,270,4410;
20;54;DEBUG_Start;Pulses=50;Pulses(uSec)=2100,360,1020,1080,300,360,1020,1050,330,360,1020,360,1050,330,1050,1050,330,330,1050,330,1050,330,1050,1020,390,300,1080,1020,360,300,1080,1020,390,300,1080,990,390,300,1080,990,390,300,1080,990,390,990,390,990,390,300,4410;
20;55;DEBUG_Start;Pulses=50;Pulses(uSec)=2100,360,1020,1050,330,360,1050,1050,330,330,1050,330,1050,330,1050,1050,330,330,1050,330,1050,330,1050,1020,390,300,1080,990,390,300,1080,990,390,300,1080,1020,390,300,1080,1020,390,300,1080,990,390,990,390,990,390,270,4410;
20;56;DEBUG_Start;Pulses=50;Pulses(uSec)=2100,360,1020,1050,330,330,1050,1050,330,360,1020,360,1020,360,1020,1050,360,330,1050,330,1050,330,1050,1020,390,300,1080,990,390,300,1080,1020,390,300,1080,1020,390,300,1080,990,390,300,1080,990,390,990,390,990,390,300,4410;
20;57;DEBUG_Start;Pulses=50;Pulses(uSec)=2100,360,1020,1080,300,360,1020,1050,330,330,1050,330,1020,360,1050,1050,330,330,1050,330,1050,360,1020,1020,360,300,1080,1020,390,300,1080,1020,360,300,1080,1020,390,300,1080,990,390,300,1080,1020,390,990,360,990,390,300,4410;
20;58;DEBUG_Start;Pulses=50;Pulses(uSec)=2100,330,1050,1020,360,300,1080,1020,360,300,1080,330,1050,330,1080,1020,360,330,1050,330,1080,330,1080,1020,360,330,1080,1020,360,300,1080,1020,360,300,1080,1020,360,300,1080,1020,360,300,1080,1020,390,990,360,990,390,300,4410;
20;59;DEBUG_Start;Pulses=50;Pulses(uSec)=2100,360,1020,1080,300,360,1020,1050,330,360,1050,330,1050,330,1050,1050,330,330,1050,330,1050,330,1050,1020,360,300,1080,1020,360,300,1080,990,390,300,1080,990,390,270,1080,990,360,300,1080,990,390,990,390,990,390,300,4410;
20;5A;DEBUG_Start;Pulses=50;Pulses(uSec)=2100,360,1020,1050,330,330,1050,1050,330,360,1020,360,1050,330,1050,1050,330,360,1020,330,1050,360,1020,1020,390,300,1110,990,390,300,1080,990,390,300,1080,990,390,300,1080,1020,360,300,1080,990,360,1020,390,990,390,300,4410;
20;5B;DEBUG_Start;Pulses=50;Pulses(uSec)=2130,360,1020,1050,330,330,1050,1050,330,330,1050,330,1050,330,1050,1050,330,330,1050,330,1050,330,1050,1020,390,300,1080,1020,360,300,1080,1020,390,300,1080,990,390,300,1080,1020,390,300,1080,990,390,990,390,990,390,270,4410;
20;5C;DEBUG_Start;Pulses=50;Pulses(uSec)=2100,360,1020,1050,330,360,1020,1050,330,330,1050,330,1050,330,1050,1050,330,330,1050,330,1050,360,1050,1020,390,300,1080,1020,390,300,1080,990,390,300,1080,990,390,300,1080,990,390,300,1080,990,390,990,390,990,390,300,4410;





ventilatie, LM=3
20;40;DEBUG_Start;Pulses=50;Pulses(uSec)=510,330,870,900,300,330,870,900,300,300,900,300,870,900,300,900,300,300,900,900,300,900,330,900,330,300,900,300,900,300,900,300,900,300,900,900,300,900,330,300,900,300,900,900,300,300,900,300,900,300,4410;
20;41;DEBUG_Start;Pulses=50;Pulses(uSec)=510,330,870,900,300,330,870,900,300,330,870,300,870,900,300,900,300,300,900,900,300,900,300,900,330,300,900,300,900,300,900,300,900,300,900,900,300,900,330,300,900,300,900,900,330,300,900,300,900,300,4410;

6-knops, LM=3
20;4A;DEBUG_Start;Pulses=50;Pulses(uSec)=2100,330,1080,1020,360,330,1050,1020,360,330,1050,330,1050,330,1050,1020,360,330,1080,300,1080,300,1050,1020,360,330,1050,1020,360,300,1080,1020,360,300,1080,1020,360,330,1080,1020,360,300,1080,990,360,1020,360,1020,390,270,4410;
20;4B;DEBUG_Start;Pulses=50;Pulses(uSec)=2130,330,1050,1050,330,330,1050,1020,360,330,1050,330,1050,330,1050,1050,360,330,1050,330,1050,330,1050,1020,390,270,1080,990,390,300,1080,990,390,300,1080,990,390,300,1080,990,390,300,1080,990,390,990,390,990,390,270,4410;

ventilatie, LM=3, na kleine wijziging in Start Protocol
46;Pulses(uSec)=300,300,900,900,300,300,900,300,900,900,300,900,330,300,900,900,330,870,330,870,330,300,900,300,900,300,900,300,900,300,900,870,330,870,330,300,900,300,900,300,900,870,330,300,990,300,4620;
34;Pulses(uSec)=330,300,900,900,330,900,330,870,330,300,900,300,900,300,900,300,900,300,900,900,330,870,330,300,900,300,900,300,900,870,330,300,900,300,4620;
46;Pulses(uSec)=300,300,900,900,300,300,900,300,900,900,300,900,330,300,900,900,330,870,330,870,330,300,900,300,900,300,900,300,900,300,900,870,330,870,330,300,900,300,900,300,900,870,330,300,900,300,4620;
34;Pulses(uSec)=330,300,900,900,330,870,330,870,330,300,900,300,900,300,900,300,900,300,900,870,330,870,330,300,900,300,900,300,900,870,330,300,990,300,4620;
46;Pulses(uSec)=300,300,900,900,300,300,900,300,900,900,300,900,330,300,900,900,330,900,330,870,330,300,900,300,900,300,900,300,900,300,900,870,330,870,330,300,900,300,900,300,900,870,330,300,900,300,4620;


20;D4;DEBUG_Start;Pulses=330,300,900,900,330,870,330,870,330,300,900,300,900,300,900,300,900,300,900,870,330,870,330,300,900,300,900,300,900,870,330,300,990,300,4620;
20;D5;DEBUG_Start;Pulses=420,900,300,300,900,300,900,900,330,900,330,300,900,870,330,870,330,870,330,300,900,300,900,300,900,300,900,300,900,870,330,870,330,300,900,300,900,300,900,870,330,300,900,300,4620;

20;36;DEBUG_Start;Pulses=;Pulses(uSec)=120,330,900,900,300,300,900,900,300,300,900,300,900,900,300,900,300,300,900,900,330,900,330,870,330,300,900,300,900,300,900,300,900,300,900,900,330,900,330,300,900,300,900,300,900,870,330,300,900,300,4620;
20;37;DEBUG_Start;Pulses=;Pulses(uSec)=120,330,900,900,300,300,900,900,300,300,900,300,900,900,300,900,300,300,900,900,330,900,330,900,330,300,900,300,900,300,900,300,900,300,900,900,330,870,330,300,900,300,900,300,900,870,330,300,990,300,4620;
20;38;DEBUG_Start;Pulses=;Pulses(uSec)=120,330,900,900,300,300,900,900,300,300,900,300,900,900,300,900,300,300,900,900,330,900,330,900,330,300,900,300,900,300,900,300,900,300,900,900,330,870,330,300,900,300,900,300,900,870,330,300,900,300,4620;
