

Als de batterij er meer dan een minuut uit is geweest, verschijnt altijd de volgende code 
20;08;Door_Chime;ID=AAAA;SWITCH=1;CMD=ON;CHIME=02;
20;09;Door_Chime;ID=AAAA;SWITCH=1;CMD=ON;CHIME=02;
20;0A;Door_Chime;ID=AAAA;SWITCH=1;CMD=ON;CHIME=02;



========== ZWARTE  DEURBEL  ===============
20;81;DEBUG_Start;Pulses=66;Pulses(uSec)=1650,960,270,450,750,930,270,420,780,930,270,420,780,900,330,390,810,870,330,390,810,870,330,390,840,870,330,390,810,870,330,390,840,390,840,390,810,390,810,390,810,390,810,390,810,390,810,390,810,870,330,870,330,870,330,390,810,390,840,390,810,390,810,390,810,330,4620;
H66<
20;82;DEBUG_Start;Pulses=66;Pulses(uSec)=1650,960,270,450,780,960,270,450,780,930,270,450,780,900,330,390,810,900,330,390,810,870,330,390,810,870,330,390,840,870,330,390,840,390,810,390,840,390,810,390,810,390,810,390,810,390,810,390,810,900,330,900,330,870,330,390,840,390,840,390,810,390,810,390,810,330,4620;
H66<
20;83;DEBUG_Start;Pulses=66;Pulses(uSec)=1650,960,270,450,750,930,270,450,780,930,300,420,780,900,330,390,810,870,330,390,810,870,330,390,810,870,330,390,810,870,330,390,840,390,810,390,810,390,840,390,810,390,810,390,810,390,810,390,810,900,330,870,330,900,330,390,810,390,810,390,810,390,810,390,810,330,4620;
H66<
20;84;DEBUG_Start;Pulses=66;Pulses(uSec)=1650,960,270,450,780,930,270,450,780,930,300,420,780,900,330,390,810,900,330,390,810,900,330,390,840,900,330,390,810,870,330,390,840,390,810,390,810,390,810,390,810,390,810,390,810,390,810,390,810,870,330,870,330,870,330,390,810,390,810,390,810,390,810,390,810,330,4620;
H66<
20;85;DEBUG_Start;Pulses=66;Pulses(uSec)=1650,960,270,450,750,930,270,450,780,930,300,420,780,900,330,390,810,900,330,390,810,870,330,390,810,870,330,390,810,870,330,390,840,390,810,390,810,390,810,390,810,390,810,390,810,390,810,390,810,900,330,870,330,870,330,390,810,390,810,390,810,390,810,390,810,330,4620;
H66<
20;86;DEBUG_Start;Pulses=66;Pulses(uSec)=1650,960,270,450,750,930,270,450,780,930,270,450,780,900,330,390,810,900,330,390,810,870,330,390,810,870,330,390,810,870,330,390,840,390,810,390,810,390,810,390,810,390,840,390,840,390,810,390,810,900,330,900,330,870,330,390,810,390,810,390,810,390,810,390,810,330,4620;

========== WITTE DEURBEL  ===============
20;58;DEBUG_Start;Pulses=66;Pulses(uSec)=1620,960,270,450,750,930,270,450,780,930,270,420,780,930,300,420,810,870,330,390,810,870,330,390,810,870,330,390,810,870,330,390,840,390,810,390,810,390,810,390,810,390,810,390,810,390,810,390,810,900,330,900,330,870,330,390,810,390,810,390,810,390,810,390,810,330,4620;
H66<
20;59;DEBUG_Start;Pulses=66;Pulses(uSec)=1620,960,270,450,750,930,270,450,780,930,270,450,780,930,270,420,810,870,330,390,810,900,330,390,810,870,330,390,810,870,330,390,840,390,810,390,810,390,810,390,810,390,810,390,810,390,810,390,810,870,330,870,330,870,330,390,810,390,810,390,810,390,810,390,810,330,4620;
H66<
20;5A;DEBUG_Start;Pulses=66;Pulses(uSec)=1620,960,270,450,750,930,270,450,750,930,270,450,780,930,270,420,810,900,330,390,810,870,330,390,810,870,330,390,810,870,330,390,840,390,810,390,810,390,810,390,810,390,810,390,810,390,810,390,810,900,330,870,330,870,330,390,810,390,810,390,810,390,810,390,810,330,4620;
H66<
20;5B;DEBUG_Start;Pulses=66;Pulses(uSec)=1620,960,270,450,750,930,270,450,780,930,300,450,750,930,270,420,810,900,330,390,810,870,330,390,810,870,330,390,810,870,330,390,810,390,810,390,810,390,810,390,810,390,810,390,810,390,810,390,810,900,330,870,330,870,330,390,810,390,810,390,810,390,810,390,810,330,4620;
H66<
20;5C;DEBUG_Start;Pulses=66;Pulses(uSec)=1620,960,270,450,750,960,270,450,780,930,270,450,780,930,270,420,810,900,330,390,810,870,330,390,810,870,330,390,810,870,330,390,810,390,810,390,810,390,810,390,810,390,810,390,810,390,810,390,810,900,330,870,330,870,330,390,810,390,810,390,810,390,810,390,810,330,4620;
H66<
20;5D;DEBUG_Start;Pulses=66;Pulses(uSec)=1620,960,270,450,750,930,270,450,750,930,270,450,780,930,300,420,810,870,330,390,810,870,330,390,810,870,330,390,810,900,330,390,840,390,810,390,810,390,810,390,810,390,810,390,810,390,810,390,810,900,330,900,330,870,330,390,810,390,810,390,810,390,810,390,810,330,4620;



Voorbeelden uit protocol 071
 * Sample packet: (Nodo Pulse timing)
 * Pulses=66, Pulses(uSec)=700,250,275,725,750,250,275,725,750,250,275,725,750,250,275,725,750,250,275,725,750,250,275,725,750,250,275,725,750,250,275,725,275,725,275,725,275,725,275,725,275,725, * 275,725,275,725,275,725,275,725,275,725,275,725,750,250,750,250,750,250,275,725,275,725,225,
 * 20;8C;DEBUG;Pulses=66;Pulses(uSec)=1800,550,600,1500,1600,550,600,1500,1600,550,600,1500,1600,550,600,1500,1600,550,600,1500,1600,500,600,1500,1600,550,600,1550,1600,550,600,1500,600,1500,600,1500,600,1500,600,1500,600,1500,600,1500,600,1500,600,1500,600,1500,600,1500,600,1500,1600,550,1600,500,1600,550,600,1500,600,1500,450;
 * 20;2D;DEBUG;Pulses=66;Pulses(uSec)=875,275,300,750,800,275,300,750,800,275,300,750,800,275,300,750,800,275,300,750,800,250,300,750,800,275,275,750,800,275,300,750,300,750,300,750,300,750,300,750,300,750,300,750,300,750,300,750,300,750,300,750,300,750,800,275,800,275,800,250,300,750,300,750,225;
 * 20;2E;Plieger York;ID=aaaa;SWITCH=1;CMD=ON;CHIME=02;



20;82;DEBUG_Start;Pulses=66;Pulses(uSec)=1650,
960,270,450,780,
960,270,450,780,

930,270,450,780,
900,330,390,810,

900,330,390,810,
870,330,390,810,

870,330,390,840,
870,330,390,840,

390,810,390,840,
390,810,390,810,

390,810,390,810,
390,810,390,810,

900,330,900,330,
870,330,390,840,

390,840,390,810,
390,810,390,810,
330,4620;

1010 1010 1010 1010 0000 0000 1110 0000  Zwart
1010 1010 1010 1010 0000 0000 1110 0000   Wit

WIT: 20;59;DEBUG_Start;Pulses=66;Pulses(uSec)=1620,

960,270,450,750,930,270,450,780,
930,270,450,780,930,270,420,810,
870,330,390,810,900,330,390,810,
870,330,390,810,870,330,390,840,
390,810,390,810,390,810,390,810,
390,810,390,810,390,810,390,810,
870,330,870,330,870,330,390,810,
390,810,390,810,390,810,390,810,
330,4620;

1010 1010 1010 1010 0000 0000 1110 0000

